/*--------------------------------*- C++ -*----------------------------------*\
| =========                 |                                                 |
| \\      /  F ield         | OpenFOAM: The Open Source CFD Toolbox           |
|  \\    /   O peration     | Version:  2506                                  |
|   \\  /    A nd           | Website:  www.openfoam.com                      |
|    \\/     M anipulation  |                                                 |
\*---------------------------------------------------------------------------*/
FoamFile
{
    version     2.0;
    format      ascii;
    arch        "LSB;label=32;scalar=64";
    note        "nPoints:405  nCells:224  nFaces:824  nInternalFaces:576";
    class       labelList;
    location    "constant/polyMesh";
    object      owner;
}
// * * * * * * * * * * * * * * * * * * * * * * * * * * * * * * * * * * * * * //


824
(
0
0
0
0
1
1
1
2
2
2
3
3
4
4
4
4
4
5
5
5
6
6
6
7
7
8
8
8
8
8
9
9
9
10
10
10
11
11
12
12
12
12
12
13
13
13
14
14
14
15
15
16
16
16
17
17
18
18
19
20
20
20
20
21
21
21
22
22
22
23
23
24
24
24
24
24
25
25
25
26
26
26
27
27
28
28
28
28
28
29
29
29
30
30
30
31
31
32
32
32
32
32
33
33
33
34
34
34
35
35
36
36
36
37
37
38
38
39
40
40
40
40
41
41
41
42
42
42
43
43
44
44
44
44
44
45
45
45
46
46
46
47
47
48
48
48
48
48
49
49
49
50
50
50
51
51
52
52
52
52
52
53
53
53
54
54
54
55
55
56
56
56
57
57
58
58
59
60
60
60
61
61
62
62
63
64
64
64
64
65
65
66
66
67
68
68
68
68
69
69
70
70
71
72
72
72
72
73
73
74
74
75
76
76
77
78
80
80
80
80
80
81
81
81
81
81
82
82
82
82
82
83
83
83
83
84
84
84
85
85
85
86
86
86
87
87
88
88
88
89
89
89
90
90
90
91
91
92
92
93
93
94
94
95
96
96
96
96
96
97
97
97
97
97
98
98
98
98
98
99
99
99
99
100
100
100
101
101
101
102
102
102
103
103
104
104
104
105
105
105
106
106
106
107
107
108
108
109
109
110
110
111
112
112
112
112
112
113
113
113
113
113
114
114
114
114
114
115
115
115
115
116
116
116
117
117
117
118
118
118
119
119
120
120
120
121
121
121
122
122
122
123
123
124
124
125
125
126
126
127
128
128
128
128
129
129
129
129
130
130
130
130
131
131
131
132
132
133
133
134
134
135
136
136
137
137
138
138
139
140
141
142
144
144
144
145
145
145
146
146
146
147
147
147
148
148
149
149
149
150
150
150
151
151
151
152
152
152
153
153
154
154
154
155
155
155
156
156
156
157
157
157
158
158
159
159
160
160
161
161
162
162
163
164
164
164
165
165
165
166
166
166
167
167
167
168
168
169
169
169
170
170
170
171
171
171
172
172
172
173
173
174
174
174
175
175
175
176
176
176
177
177
177
178
178
179
179
180
180
181
181
182
182
183
184
184
184
185
185
185
186
186
186
187
187
187
188
188
189
189
189
190
190
190
191
191
191
192
192
192
193
193
194
194
194
195
195
195
196
196
196
197
197
197
198
198
199
199
200
200
201
201
202
202
203
204
204
205
205
206
206
207
207
208
209
209
210
210
211
211
212
212
213
214
214
215
215
216
216
217
217
218
219
220
221
222
3
7
11
15
19
23
27
31
35
39
43
47
51
55
59
63
67
71
75
79
0
20
40
60
1
21
41
61
2
22
42
62
3
23
43
63
16
36
56
76
17
37
57
77
18
38
58
78
19
39
59
79
0
4
8
12
16
1
5
9
13
17
2
6
10
14
18
3
7
11
15
19
60
64
68
72
76
61
65
69
73
77
62
66
70
74
78
63
67
71
75
79
80
84
88
92
96
100
104
108
112
116
120
124
128
132
136
140
92
108
124
140
93
109
125
141
94
110
126
142
95
111
127
143
80
84
88
92
81
85
89
93
82
86
90
94
83
87
91
95
128
132
136
140
129
133
137
141
130
134
138
142
131
135
139
143
144
149
154
159
164
169
174
179
184
189
194
199
204
209
214
219
148
153
158
163
168
173
178
183
188
193
198
203
208
213
218
223
144
164
184
204
145
165
185
205
146
166
186
206
147
167
187
207
148
168
188
208
144
149
154
159
145
150
155
160
146
151
156
161
147
152
157
162
148
153
158
163
204
209
214
219
205
210
215
220
206
211
216
221
207
212
217
222
208
213
218
223
)


// ************************************************************************* //
